6.589095676806062951e-02 7.789561906815105630e-01 1.389450777306403817e-01
6.589095676806062951e-02 7.789561906815105630e-01 1.389450777306403817e-01
6.589095676806062951e-02 7.789561906815105630e-01 1.389450777306403817e-01
6.589095676806062951e-02 7.789561906815105630e-01 1.389450777306403817e-01
6.589095676806062951e-02 7.789561906815105630e-01 1.389450777306403817e-01
6.589095676806062951e-02 7.789561906815105630e-01 1.389450777306403817e-01
6.589095676806062951e-02 7.789561906815105630e-01 1.389450777306403817e-01
6.589095676806062951e-02 7.789561906815105630e-01 1.389450777306403817e-01
6.589095676806062951e-02 7.789561906815105630e-01 1.389450777306403817e-01
6.589095676806062951e-02 7.789561906815105630e-01 1.389450777306403817e-01
6.589095676806062951e-02 7.789561906815105630e-01 1.389450777306403817e-01
6.589095676806062951e-02 7.789561906815105630e-01 1.389450777306403817e-01
6.589095676806062951e-02 7.789561906815105630e-01 1.389450777306403817e-01
6.589095676806062951e-02 7.789561906815105630e-01 1.389450777306403817e-01
6.589095676806062951e-02 7.789561906815105630e-01 1.389450777306403817e-01
6.589095676806062951e-02 7.789561906815105630e-01 1.389450777306403817e-01
6.589095676806062951e-02 7.789561906815105630e-01 1.389450777306403817e-01
6.589095676806062951e-02 7.789561906815105630e-01 1.389450777306403817e-01
6.589095676806062951e-02 7.789561906815105630e-01 1.389450777306403817e-01
6.589095676806062951e-02 7.789561906815105630e-01 1.389450777306403817e-01
6.589095676806062951e-02 7.789561906815105630e-01 1.389450777306403817e-01
6.589095676806062951e-02 7.789561906815105630e-01 1.389450777306403817e-01
6.589095676806062951e-02 7.789561906815105630e-01 1.389450777306403817e-01
6.589095676806062951e-02 7.789561906815105630e-01 1.389450777306403817e-01
6.589095676806062951e-02 7.789561906815105630e-01 1.389450777306403817e-01
6.589095676806062951e-02 7.789561906815105630e-01 1.389450777306403817e-01
6.589095676806062951e-02 7.789561906815105630e-01 1.389450777306403817e-01
6.589095676806062951e-02 7.789561906815105630e-01 1.389450777306403817e-01
6.589095676806062951e-02 7.789561906815105630e-01 1.389450777306403817e-01
6.589095676806062951e-02 7.789561906815105630e-01 1.389450777306403817e-01
6.589095676806062951e-02 7.789561906815105630e-01 1.389450777306403817e-01
6.589095676806062951e-02 7.789561906815105630e-01 1.389450777306403817e-01
6.589095676806062951e-02 7.789561906815105630e-01 1.389450777306403817e-01
6.589095676806062951e-02 7.789561906815105630e-01 1.389450777306403817e-01
6.589095676806062951e-02 7.789561906815105630e-01 1.389450777306403817e-01
6.589095676806062951e-02 7.789561906815105630e-01 1.389450777306403817e-01
6.589095676806062951e-02 7.789561906815105630e-01 1.389450777306403817e-01
6.589095676806062951e-02 7.789561906815105630e-01 1.389450777306403817e-01
6.589095676806062951e-02 7.789561906815105630e-01 1.389450777306403817e-01
6.589095676806062951e-02 7.789561906815105630e-01 1.389450777306403817e-01
6.589095676806062951e-02 7.789561906815105630e-01 1.389450777306403817e-01
6.589095676806062951e-02 7.789561906815105630e-01 1.389450777306403817e-01
6.589095676806062951e-02 7.789561906815105630e-01 1.389450777306403817e-01
6.589095676806062951e-02 7.789561906815105630e-01 1.389450777306403817e-01
6.589095676806062951e-02 7.789561906815105630e-01 1.389450777306403817e-01
