-1.999999999999999556e-01
-2.000000000001739831e-01
-1.000439942112396841e+00
1.999270478825212749e-01
-1.999994425557960198e-01
4.000000000000001332e-01
1.985899650156050245e-01
8.008982752518294390e-01
6.038722024833826918e-01
-1.000000000000000000e+00
-1.000000001378313463e+00
7.999931835425760918e-01
-2.000000068223396488e-01
-9.982719789959237922e-01
-9.993833070037212440e-01
-1.000000000000000000e+00
8.000956288823107831e-01
-5.999999999999999778e-01
2.000000000000001776e-01
4.033625184327335189e-01
-2.254912134410488789e-32
1.984350829519940795e-01
8.000925563360175019e-01
-6.022599227101346209e-01
7.996359523109856093e-01
-6.000000000000941247e-01
3.993844798714921152e-01
8.000000000000000444e-01
-1.999999999999999556e-01
4.015009921777664137e-01
-3.987777096031447366e-01
6.000000000000005329e-01
-6.000036261020856854e-01
5.995007842940510701e-01
-1.000000203863155024e+00
-7.988234771081133001e-01
1.999999999546732965e-01
