8.456843999362684272e-01
5.589131152036299621e-01
-9.105733276179452940e-01
1.717269910050021053e-01
-9.968310818007272145e-01
-1.059317798540433397e-01
8.856590731813950290e-01
-7.569072756113343070e-02
2.459881850756229227e-01
4.794199575072272679e-01
-9.096023170264477820e-01
7.047089146703666707e-02
-5.591440717598230581e-01
-2.284474881712341976e-01
-3.399691645284112496e-01
1.278025720339988347e-01
6.638428910139035355e-02
4.244931249202947288e-01
2.782374302431807611e-01
7.197111998717389270e-01
3.266841091572430522e-01
7.508553483478960233e-01
1.226011529989484428e-01
-9.651451624391316209e-01
4.109736594159918432e-02
-3.540010109754969658e-01
-9.547748922807533511e-03
4.855015357358047901e-01
-6.844372766629513993e-01
-6.777697755766463050e-01
-8.957526016193938234e-02
-3.387741089167735642e-01
7.649870188090692746e-01
-8.703954120074521850e-01
-3.700726605772490796e-01
-9.878798610802935753e-01
4.724063337983008815e-01
