4.104078052467166615e-01
2.413713155424694612e-01
2.367551936333118223e-01
2.382388720255364800e-01
2.377849198002336684e-01
2.362968962184603949e-01
2.346954879205009892e-01
2.339873633345103121e-01
2.335468768419639018e-01
2.332135570790589418e-01
6.139338417433769512e-01
2.609167045010956087e-01
2.588029040958523819e-01
2.579676299584890975e-01
2.575009547898212681e-01
2.571985900256625324e-01
2.569858745962360635e-01
2.568280414396779676e-01
2.567064104860284912e-01
2.566099559814926101e-01
3.321110214076355427e-01
2.675788860406381753e-01
2.629708687866558758e-01
2.595845625630951448e-01
2.575442067194680940e-01
2.562350563933306069e-01
2.552438283549194331e-01
2.543854134030607006e-01
2.535702977360859145e-01
2.528363796091827043e-01
3.725629840409374061e-01
2.644713382030400295e-01
2.609117309407653629e-01
2.581743476946330995e-01
2.563772153213618732e-01
2.625652224828387560e-01
2.619118485541052088e-01
2.615063206136211682e-01
2.612287988493918744e-01
2.610279179623873902e-01
7.256817169062493855e-01
2.961081226077901252e-01
2.934784164292041919e-01
2.923712187354790548e-01
2.917722747330419586e-01
2.961702828872750382e-01
2.949693728873374332e-01
2.945577715282803322e-01
2.940532155216984966e-01
2.930911573461510433e-01
3.547971394238532694e-01
2.627059218198454227e-01
2.591128995399484269e-01
2.570066855820776208e-01
2.560460096521984807e-01
2.555015369533946701e-01
2.551593369206372475e-01
2.549269188956859722e-01
2.547595287119105989e-01
2.546334252367763451e-01
3.394630884452349839e-01
2.543085953708991709e-01
2.488650224841768843e-01
2.471446090089190473e-01
2.459826524037550810e-01
2.453118716516752562e-01
2.448519856020359431e-01
2.445145763006513762e-01
2.442547032590782763e-01
2.440468154516937382e-01
3.759005731080583557e-01
2.648300018981915582e-01
2.597419337561203689e-01
2.568009616100270787e-01
2.550830605413653696e-01
2.539422814374698856e-01
2.530862567531494411e-01
2.524033233544517030e-01
2.518446385996478409e-01
2.513826651553617841e-01
3.465802107828093170e-01
2.437428796702410250e-01
2.388590988298447126e-01
2.380914910963721487e-01
2.356160876855907527e-01
2.344521180305519370e-01
2.336939085223176948e-01
2.331496573136884742e-01
2.327384010886072718e-01
2.324179402807496075e-01
3.467465280072504208e-01
2.417839275444432501e-01
2.374283787467683093e-01
2.358781499520470615e-01
2.381707355332028930e-01
2.375643833351867573e-01
2.371576417692169703e-01
2.368619536928488478e-01
2.366372038407520417e-01
2.364607708531327734e-01
