1.519642533355506156e-02 1.372521408718458888e-02 9.816858996638840873e-01
1.519642533355506156e-02 1.372521408718458888e-02 9.816858996638840873e-01
1.519642533355506156e-02 1.372521408718458888e-02 9.816858996638840873e-01
1.519642533355506156e-02 1.372521408718458888e-02 9.816858996638840873e-01
1.519642533355506156e-02 1.372521408718458888e-02 9.816858996638840873e-01
1.519642533355506156e-02 1.372521408718458888e-02 9.816858996638840873e-01
1.519642533355506156e-02 1.372521408718458888e-02 9.816858996638840873e-01
1.519642533355506156e-02 1.372521408718458888e-02 9.816858996638840873e-01
1.519642533355506156e-02 1.372521408718458888e-02 9.816858996638840873e-01
1.519642533355506156e-02 1.372521408718458888e-02 9.816858996638840873e-01
1.519642533355506156e-02 1.372521408718458888e-02 9.816858996638840873e-01
1.519642533355506156e-02 1.372521408718458888e-02 9.816858996638840873e-01
1.519642533355506156e-02 1.372521408718458888e-02 9.816858996638840873e-01
1.519642533355506156e-02 1.372521408718458888e-02 9.816858996638840873e-01
1.519642533355506156e-02 1.372521408718458888e-02 9.816858996638840873e-01
