9.170700133227056572e-01
-1.843620495877850429e-01
1.091396755160201737e+00
-9.562174405325086779e-01
-1.199250686761159645e+00
6.948322848872947599e-01
-4.118642150077304054e-01
-4.101522656629204011e-01
1.380699060475170548e+00
-4.442878942117524654e-01
-4.343371873933165594e-01
1.171816677851456934e+00
1.538009024638395950e-01
3.048592917599922680e-01
-1.356200239482961534e+00
7.491616661471230953e-01
-1.490204488402621652e-01
1.350539964894958977e-01
6.821063356761705165e-01
-8.032113219963705752e-01
1.031098609270155286e+00
6.235189161132268509e-01
1.425276107994862151e+00
-1.455007559480753498e-01
1.793669229193308290e+00
9.384923121532889878e-01
1.733374523534415845e-01
-1.808826544365997324e-01
-2.313301616968738150e-01
-3.216136190962625707e-01
-1.130432972285230875e+00
4.808171558153780945e-01
-8.636510293197598382e-04
1.980293883368334229e-01
1.416063244532884902e+00
9.162385873872687103e-01
-8.802410554878440374e-01
