2.066539186678128803e-01
3.180175407781448693e-01
3.067151748119726351e-01
2.986901637875445936e-01
2.932461800712873323e-01
2.897150486156548910e-01
2.875616404787182390e-01
2.863489337388518408e-01
2.857273762039236886e-01
2.854246792198544824e-01
2.852315750583499510e-01
2.849957154486991717e-01
2.846231024698886447e-01
2.840759931042615705e-01
2.833626545468537206e-01
2.825230094408505144e-01
2.816152979943457035e-01
2.807056358692466280e-01
2.798598906669384490e-01
2.791370053292588360e-01
2.785836920395604599e-01
2.782310169818730805e-01
2.780932892916092580e-01
2.781691220895499694e-01
2.784440629231802466e-01
2.788940593984769456e-01
2.794891499208838059e-01
2.801969459540797347e-01
2.809855961281897407e-01
2.818260139048329171e-01
2.826932607517613216e-01
2.835671135302808565e-01
2.844319699670265766e-01
2.852763168842255004e-01
2.860919882773492184e-01
2.868733920487385181e-01
2.876168165509844221e-01
2.883198670553780429e-01
2.889810402080323359e-01
2.895994220195770019e-01
2.901744865745909396e-01
2.907059721993828783e-01
2.911938146888484180e-01
2.916381208292205263e-01
2.920391688364183946e-01
2.923974252239807670e-01
2.927135700671616436e-01
2.929885247144070615e-01
2.932234777377635826e-01
2.934199062927300150e-01
2.935795910535251574e-01
2.937046235048807463e-01
2.937974046517114468e-01
2.938606342433217611e-01
2.938972895263156637e-01
2.939105924887168708e-01
2.939039646862267596e-01
2.938809691735124741e-01
2.938452398679876620e-01
2.938003998378285186e-01
2.937499714178965493e-01
2.936972825069336102e-01
2.936453746083417804e-01
2.935969188547929432e-01
2.935541461769059501e-01
2.935187968462502073e-01
2.934920929283940105e-01
2.934747349788304760e-01
2.934669219725206668e-01
2.934683913658504562e-01
2.934784746623194107e-01
2.934961630624741136e-01
2.935201777342656970e-01
2.935490398153894898e-01
2.935811362458297102e-01
2.936147786988366759e-01
2.936482540339998004e-01
2.936798656977816502e-01
2.937079662705934791e-01
2.937309818872849143e-01
2.937474295612239605e-01
2.937559285639488316e-01
2.937552070028719431e-01
2.937441046458159066e-01
2.937215729023656685e-01
2.936866727170384106e-01
2.936385709776144215e-01
2.935765359051398793e-01
2.934999317755549453e-01
2.934082132281954358e-01
2.933009193423297689e-01
2.931776676070704246e-01
2.930381478693613873e-01
2.928821163162790842e-01
2.927093895287378733e-01
2.925198386314880050e-01
2.923133835570049244e-01
2.920899874369344285e-01
2.918496511329704002e-01
2.915924079184785689e-01
2.913183183222213812e-01
2.910274651457124273e-01
2.907199486657543464e-01
2.903958820334179292e-01
2.900553868799841672e-01
2.896985891392463430e-01
2.893256150939808591e-01
2.889365876525306631e-01
2.885316228592764709e-01
2.881108266405352780e-01
2.876742917851374814e-01
2.872220951568485448e-01
2.867542951339952517e-01
2.862709292703463637e-01
2.857720121706593397e-01
2.852575335745367036e-01
2.847274566435785137e-01
2.841817164494883086e-01
2.836202186651593515e-01
2.830428384670621300e-01
2.824494196659954048e-01
2.818397740948027641e-01
2.812136812966660182e-01
2.805708885765970662e-01
2.799111115026534091e-01
2.792340349729562909e-01
2.785393150008780849e-01
2.778265814147735657e-01
2.770954417215131249e-01
2.763454864457839388e-01
2.755762963304316804e-01
2.747874518671665767e-01
2.739785457208926966e-01
2.731491987121789089e-01
2.722990801256819915e-01
2.714279332083154861e-01
2.705356067944130194e-01
2.696220940226614071e-01
2.686875790570387168e-01
2.677324925439034109e-01
2.667575761671364676e-01
2.657639560257509803e-01
2.647532235671005707e-01
2.637275213811283714e-01
2.626896292435872415e-01
2.616430434058621968e-01
2.605920394111879146e-01
2.595417060120446817e-01
2.584979356636701309e-01
2.574673564252495384e-01
2.564571919306467551e-01
2.554750413332756986e-01
2.545285802443711942e-01
2.536251961746853745e-01
2.527715860517159019e-01
2.519733559399038314e-01
2.512346704155897226e-01
2.505579979493122167e-01
2.499439878154075256e-01
2.493914949680218485e-01
2.488977461972127769e-01
2.484586194096645440e-01
2.480689933100273803e-01
2.477231200381360410e-01
2.474149782256546137e-01
2.471385755603910939e-01
2.468881841426861790e-01
2.466585049381650463e-01
2.464447671734253387e-01
2.462427739307145869e-01
2.460489070312408266e-01
2.458601036727016687e-01
2.456738153481166365e-01
2.454879571982441222e-01
2.453008536794419325e-01
2.451111845202779138e-01
2.449179334630976479e-01
2.447203412100794062e-01
2.445178632454942103e-01
2.443101327093605279e-01
2.440969281840180971e-01
2.438781460701422432e-01
2.436537771315934742e-01
2.434238867497651726e-01
2.431885984268235545e-01
2.429480800988161882e-01
2.427025328540960702e-01
2.424521816931091700e-01
2.421972680079364781e-01
2.419380435013282482e-01
2.416747653036563637e-01
2.414076920814094140e-01
2.411370809622488953e-01
2.408631851291441750e-01
2.405862519599970828e-01
2.403065216096567092e-01
2.400242259487093965e-01
2.397395877882495530e-01
2.394528203323395277e-01
2.391641268103634477e-01
2.388737002502921980e-01
2.385817233612131105e-01
2.382883684996074114e-01
2.379937976989424386e-01
2.376981627463585212e-01
2.374016052937029386e-01
2.371042569930191801e-01
2.368062396489152843e-01
2.365076653821187869e-01
2.362086368000126391e-01
2.359092471711174976e-01
2.356095806013846494e-01
2.353097122108245842e-01
2.350097083094720984e-01
2.347096265720046149e-01
2.344095162105330477e-01
2.341094181451788825e-01
2.338093651721082356e-01
2.335093821286816640e-01
2.332094860553812488e-01
2.329096863541579021e-01
2.326099849428665267e-01
2.323103764054701148e-01
2.320108481377980703e-01
2.317113804887295514e-01
2.314119468968283133e-01
2.311125140226337749e-01
2.308130418770055758e-01
2.305134839461345508e-01
2.302137873140491509e-01
2.299138927836551494e-01
2.296137349975314879e-01
2.293132425598794766e-01
2.290123381611360032e-01
2.287109387068689825e-01
2.284089554525985111e-01
2.281062941461989568e-01
2.278028551794856471e-01
2.274985337504909499e-01
2.271932200378118938e-01
2.268867993882206224e-01
2.265791525185442135e-01
2.262701557325622059e-01
2.259596811534242411e-01
2.256475969718003682e-01
2.253337677096829694e-01
2.250180544994503096e-01
2.247003153774790041e-01
2.243804055912734796e-01
2.240581779187531819e-01
2.237334829980108242e-01
2.234061696655340601e-01
2.230760853005698818e-01
2.227430761730120889e-01
2.224069877918958549e-01
2.220676652513347282e-01
2.217249535704929331e-01
2.213786980239859092e-01
2.210287444589608963e-01
2.206749395949857973e-01
2.203171313028493006e-01
2.199551688583845921e-01
2.195889031675265224e-01
2.192181869589775733e-01
2.188428749411087115e-01
2.184628239200420430e-01
2.180778928762626967e-01
2.176879429975786540e-01
2.172928376667714601e-01
2.168924424028662312e-01
2.164866247555520262e-01
2.160752541529210591e-01
2.156582017033188969e-01
2.152353399527126843e-01
2.148065425995472899e-01
2.143716841695885722e-01
2.139306396536787280e-01
2.134832841116986735e-01
2.130294922462903640e-01
2.125691379500334599e-01
2.121020938298406877e-01
2.116282307122562267e-01
2.111474171331934879e-01
2.106595188153846110e-01
2.101643981364887115e-01
2.096619135903938502e-01
2.091519192438071884e-01
2.086342641897503403e-01
2.081087919991017887e-01
2.075753401708690105e-01
2.070337395814713932e-01
2.064838139329822353e-01
2.059253792000574346e-01
2.053582430751953736e-01
2.047822044120778950e-01
2.041970526670442432e-01
2.036025673393326296e-01
2.029985174116102076e-01
2.023846607935694819e-01
2.017607437730474518e-01
2.011265004813381774e-01
2.004816523821338625e-01
1.998259077970118980e-01
1.991589614846278888e-01
1.984804942959284002e-01
1.977901729338558123e-01
1.970876498533114529e-01
1.963725633456848141e-01
1.956445378621333442e-01
1.949031846410760049e-01
1.941481027180499974e-01
1.933788804100768643e-01
1.925950973817776579e-01
1.917963274162400311e-01
1.909821420294021410e-01
1.901521150814423078e-01
1.893058285508270600e-01
1.884428796442659815e-01
1.875628894160450699e-01
1.866655130596243384e-01
1.857504520086846467e-01
1.848174679390864050e-01
1.838663986921046101e-01
1.828971760376700006e-01
1.819098450600379613e-01
1.809045847755600678e-01
1.798817293852926769e-01
1.788417893323761276e-01
1.777854710916756398e-01
1.767136943926616854e-01
1.756276054007226417e-01
1.745285842989341418e-01
1.734182457653646869e-01
1.722984310674162134e-01
1.711711909143543431e-01
1.700387588139803952e-01
1.689035154255105753e-01
1.677679452078617295e-01
1.666345874225674262e-01
1.655059841458780268e-01
1.643846282729740926e-01
1.632729144961773127e-01
1.621730959028331309e-01
1.610872482213558110e-01
1.600172429479409242e-01
1.589647297381536484e-01
1.579311276698325828e-01
1.569176243713420460e-01
1.559251816146978997e-01
1.549545458043598833e-01
1.540062618206121670e-01
1.530806888495975515e-01
1.521780170904477036e-01
1.512982845181164993e-01
1.504413931551739081e-01
1.496071245388948534e-01
1.487951542479233058e-01
1.480050654737762594e-01
1.472363616924876051e-01
1.464884785211914009e-01
1.457607948451533353e-01
1.450526432838319391e-01
1.443633200394426885e-01
1.436920941452268230e-01
1.430382161080625547e-01
1.424009259238378788e-01
1.417794604352092536e-01
1.411730599997620683e-01
1.405809744411388451e-01
1.400024682649396168e-01
1.394368251334603404e-01
1.388833516070454577e-01
1.383413801735942916e-01
1.378102716004613315e-01
1.372894166538304039e-01
1.367782372391354861e-01
1.362761870220010330e-01
1.357827515925126016e-01
1.352974482365622289e-01
1.348198253768679578e-01
1.343494617433824978e-01
1.338859653286470774e-01
1.334289721785567595e-01
1.329781450634178463e-01
1.325331720683866066e-01
1.320937651366847487e-01
1.316596585935809471e-01
1.312306076741651117e-01
1.308063870735177159e-01
1.303867895340090066e-01
1.299716244811731369e-01
1.295607167168354446e-01
1.291539051758813783e-01
1.287510417511883720e-01
1.283519901896995052e-01
1.279566250613771716e-01
1.275648308017361399e-01
1.271765008278081532e-01
1.267915367266723992e-01
1.264098475150724488e-01
1.728825869175042440e-01
1.515473610813068694e-01
1.502532951488857738e-01
1.491943887025935223e-01
1.483040340666968160e-01
1.475281680191755651e-01
1.468346371748179002e-01
1.462028804428744666e-01
1.456189697616220857e-01
1.450730506541624554e-01
1.445579163788955346e-01
1.440681603213059547e-01
1.435996429545981223e-01
1.431491407463558463e-01
1.427141063690166300e-01
1.422925003028218116e-01
1.418826699897405841e-01
1.414832615934078774e-01
1.410931546250825397e-01
1.407114128926091057e-01
1.403372472730178011e-01
1.399699871574309196e-01
1.396090583280370223e-01
1.392539656544806437e-01
1.389042794359796051e-01
1.385596245264242854e-01
1.382196716024118310e-01
1.378841300952445836e-01
1.375527424254646969e-01
1.372252792650186792e-01
1.369015356163327535e-01
1.365813275455689535e-01
1.362644894434792420e-01
1.359508717146920009e-01
1.356403388172186253e-01
1.353327675900669880e-01
1.350280458193321154e-01
1.347260710028347630e-01
1.344267492810133080e-01
1.341299945077630007e-01
1.338357274397013186e-01
1.335438750261250529e-01
1.332543697849928044e-01
1.329671492527186027e-01
1.326821554975642636e-01
1.323993346880559530e-01
1.321186367091694014e-01
1.318400148201516742e-01
1.315634253487378280e-01
1.312888274172942515e-01
