1.068344820281695029e-01
1.320176549247729925e-01
1.216281087654656340e-01
1.124402421408405850e-01
1.052934045640895877e-01
9.984966631094663314e-02
9.583411823831922138e-02
9.312082814575939338e-02
9.161602144088276667e-02
9.117633597805933909e-02
9.157617887905124265e-02
9.251530854896126976e-02
9.369224368698413075e-02
9.489397153863868284e-02
9.602223573365883946e-02
9.705243164008832413e-02
9.799157670618717508e-02
9.885781778043879753e-02
9.967179981798572619e-02
1.004524270112842899e-01
1.012145078957067401e-01
1.019675008216678058e-01
1.027151614578789840e-01
1.034560834941775503e-01
1.041850238251763733e-01
1.048946917975002863e-01
1.055775483631422040e-01
1.062271995781674666e-01
1.068391586365996515e-01
1.074109872452098102e-01
1.079419975596660891e-01
1.084327494207621978e-01
1.088845372295327019e-01
1.092989814843045165e-01
1.096777658147897322e-01
1.100225099915368571e-01
1.103347435331332449e-01
1.106159371378806489e-01
1.108675537596611749e-01
1.110910923187961447e-01
1.112881102830872715e-01
1.114602231121804843e-01
1.116090865656542697e-01
1.117363713546865589e-01
1.118437390881421301e-01
1.119328252856014033e-01
1.120052310804844631e-01
1.120625216449453732e-01
1.121062273472546444e-01
1.121378434940920321e-01
1.121588258183603137e-01
1.121705808344941602e-01
1.121744519572562271e-01
1.121717033221698162e-01
1.121635034330246555e-01
1.121509103152137921e-01
1.121348591494568669e-01
1.121161527433186811e-01
1.120954548642336818e-01
1.120732864277759616e-01
1.120500246943221395e-01
1.120259058046206985e-01
1.120010310307411605e-01
1.119753769602290228e-01
1.119488094860622701e-01
1.119211010313126697e-01
1.118919500113134124e-01
1.118610012294074946e-01
1.118278657755208960e-01
1.117921390632022755e-01
1.117534158759008051e-01
1.117113016506592615e-01
1.116654196518308412e-01
1.116154141226270297e-01
1.115609498948423733e-01
1.115017092398634668e-01
1.114373869220375290e-01
1.113676844526925030e-01
1.112923044475845058e-01
1.112109457934442047e-01
1.111233000774064367e-01
1.110290494767891961e-01
1.109278660879259443e-01
1.108194125171396011e-01
1.107033434718719817e-01
1.105793080678663526e-01
1.104469525928354207e-01
1.103059235194221721e-01
1.101558706239505747e-01
1.099964501305607661e-01
1.098273278561207877e-01
1.096481823772906539e-01
1.094587082776521808e-01
1.092586195615350003e-01
1.090476533435748019e-01
1.088255739395607158e-01
1.085921774932216699e-01
1.083472972716143928e-01
1.080908097429683634e-01
1.078226415083345657e-01
1.075427770858370935e-01
1.072512674403868355e-01
1.069482390149190804e-01
1.066339028624675861e-01
1.063085633215050257e-01
1.059726255463228212e-01
1.056266011265648286e-01
1.052711110240944353e-01
1.049068851243847855e-01
1.045347578291571794e-01
1.041556592812807602e-01
1.037706019885524800e-01
1.033806627936723205e-01
1.029869603415180385e-01
1.025906284566384941e-01
1.021927861932631215e-01
1.017945057527685493e-01
1.013967799192759117e-01
1.010004910252047250e-01
1.006063835757554648e-01
1.002150424034018716e-01
9.982687753577054734e-02
9.944211590436782822e-02
9.906079877370123354e-02
9.868278257111326446e-02
9.830773987113550216e-02
9.793515676442884899e-02
9.756432271400798661e-02
9.719430913111071213e-02
9.682393305424646934e-02
9.645170220152210483e-02
9.607573698559064568e-02
9.569366353240064960e-02
9.530246906022143971e-02
9.489830703287362168e-02
9.447623475223296263e-02
9.402986287896870909e-02
9.355090312741839997e-02
9.302864313616245051e-02
9.244953262536273475e-02
9.179754140573700982e-02
9.105723944452252805e-02
9.022430022009939043e-02
8.933014052091878265e-02
8.847137541580334108e-02
8.777886339492217693e-02
8.729359381367145232e-02
8.693842829472357703e-02
8.662955963332696907e-02
8.632516533589693064e-02
8.601054757227677428e-02
8.568323438935876446e-02
8.534664404392922066e-02
8.500766949018727370e-02
8.467547472305811396e-02
8.436038509038439048e-02
8.407248193903181510e-02
8.381998552289242344e-02
8.360786196490962996e-02
8.343717596809427373e-02
8.330543051641718655e-02
8.320766924289137167e-02
8.313781949940406146e-02
8.308980224344543475e-02
8.305819843324861729e-02
8.303850661170834868e-02
8.302713633790870240e-02
8.302127895972989668e-02
8.301874841488735002e-02
8.301783712237116586e-02
8.301720143031651733e-02
8.301577615944903676e-02
8.301271253616868129e-02
8.300733322175418705e-02
8.299909925501265662e-02
8.298758514133028341e-02
8.297245952519301249e-02
8.295346976326312127e-02
8.293042930899821585e-02
8.290320720216302897e-02
8.287171919599990721e-02
8.283592020277052992e-02
8.279579782986604131e-02
8.275136683612702160e-02
8.270266437521975322e-02
8.264974591808040005e-02
8.259268176437836728e-02
8.253155406639116343e-02
8.246645429922878912e-02
8.239748111988298707e-02
8.232473856467949214e-02
8.224833454070519523e-02
8.216837957193445785e-02
8.208498576521965073e-02
8.199826596521579691e-02
8.190833307074001091e-02
8.181529948812663044e-02
8.171927669987689991e-02
8.162037492937453120e-02
8.151870288467225056e-02
8.141436756639020000e-02
8.130747412661924745e-02
8.119812576741096410e-02
8.108642366898996534e-02
8.097246693923056127e-02
8.085635257724763103e-02
8.073817544514447220e-02
8.061802824305962234e-02
8.049600148368021846e-02
8.037218346333178942e-02
8.024666022763984885e-02
8.011951553057600206e-02
7.999083078646643252e-02
7.986068501524619390e-02
7.972915478188546956e-02
7.959631413149859114e-02
7.946223452214663807e-02
7.932698475777331948e-02
7.919063092403939852e-02
7.905323633004890382e-02
7.891486145906539962e-02
7.877556393130603907e-02
7.863539848175139790e-02
7.849441695563603993e-02
7.835266832386848790e-02
7.821019872010577523e-02
7.806705150055402720e-02
7.792326732683164947e-02
7.777888427141436967e-02
7.763393794431970585e-02
7.748846163879977156e-02
7.734248649294148126e-02
7.719604166323394689e-02
7.704915450540297805e-02
7.690185075715287588e-02
7.675415471692817460e-02
7.660608941244165249e-02
7.645767675253176132e-02
7.630893765593223244e-02
7.615989215078096397e-02
7.601055943917052471e-02
7.586095792175046038e-02
7.571110517835175080e-02
7.556101790176955602e-02
7.541071178323546786e-02
7.526020134967897901e-02
7.510949975459281502e-02
7.495861852613745768e-02
7.480756727798747174e-02
7.465635339027947015e-02
7.450498166981341097e-02
7.435345400031657948e-02
7.420176899505070978e-02
7.404992166528634456e-02
7.389790311913040088e-02
7.374570030587200564e-02
7.359329582138172954e-02
7.344066779018217084e-02
7.328778983961452276e-02
7.313463118109816974e-02
7.298115681284882139e-02
7.282732785761915351e-02
7.267310204809358798e-02
7.251843437149227412e-02
7.236327788372497183e-02
7.220758470200654144e-02
7.205130718312191540e-02
7.189439929234590909e-02
7.173681816519700272e-02
7.157852586044129162e-02
7.141949129779442962e-02
7.125969236719373323e-02
7.109911818800609962e-02
7.093777148571561719e-02
7.077567104027865375e-02
7.061285414431148211e-02
7.044937899081871180e-02
7.028532688985225652e-02
7.012080419248006846e-02
6.995594378061301133e-02
6.979090596517203982e-02
6.962587862621219537e-02
6.946107643086646410e-02
6.929673898248700503e-02
6.913312779074734515e-02
6.897052200991919679e-02
6.880921297079654886e-02
6.864949762707893421e-02
6.849167114173417004e-02
6.833601894135531152e-02
6.818280865252315803e-02
6.803228238888976709e-02
6.788464986874449825e-02
6.774008280331093867e-02
6.759871090679328565e-02
6.746061974960115837e-02
6.732585052276579551e-02
6.719440162508105718e-02
6.706623184568787088e-02
6.694126481044891663e-02
6.681939430037577010e-02
6.670049003645225905e-02
6.658440355212869033e-02
6.647097383224123690e-02
6.636003247255241322e-02
6.625140819531226410e-02
6.614493063319323851e-02
6.604043335979147000e-02
6.593775619604042015e-02
6.583674685752514966e-02
6.573726202900283255e-02
6.563916796179482260e-02
6.554234068994609086e-02
6.544666595496410888e-02
6.535203891898548612e-02
6.525836373436547100e-02
6.516555302537171968e-02
6.507352732588161937e-02
6.498221450633379082e-02
6.489154921394528486e-02
6.480147234250731303e-02
6.471193054182367010e-02
6.462287577196870747e-02
6.453426490381983238e-02
6.444605936459663065e-02
6.435822482523809174e-02
6.427073092519985931e-02
6.418355102954008407e-02
6.409666201283518994e-02
6.401004406446481054e-02
6.392368051002081386e-02
6.383755764399014210e-02
6.375166456936959269e-02
6.366599304046584307e-02
6.358053730577403750e-02
6.349529394849913466e-02
6.341026172294407515e-02
6.332544138564352720e-02
6.324083552072802539e-02
6.315644835956414627e-02
6.307228559521002587e-02
6.298835419264421642e-02
6.290466219605961307e-02
6.282121853476618778e-02
6.273803282940321191e-02
6.265511520024009962e-02
6.257247607934103562e-02
6.249012602829505381e-02
6.240807556308156784e-02
6.232633498746088102e-02
6.224491423607004387e-02
6.216382272816987214e-02
6.208306923275491718e-02
6.200266174550450593e-02
6.192260737783685659e-02
6.184291225813793452e-02
6.176358144507407971e-02
6.168461885276767948e-02
6.160602718752799384e-02
6.152780789576651338e-02
6.144996112270396244e-02
6.137248568148206962e-02
6.129537903231637580e-02
6.121863727137506761e-02
6.114225512911991567e-02
6.106622597790362095e-02
6.099054184866942868e-02
6.091519345663891360e-02
6.084017023589388673e-02
6.076546038276043477e-02
6.069105090787146189e-02
6.061692769673172193e-02
6.054307557851968530e-02
6.046947840275624514e-02
6.039611912333076038e-02
6.032297988923224219e-02
6.025004214117112705e-02
6.017728671312160688e-02
6.010469393766237206e-02
6.003224375386304740e-02
5.995991581635082973e-02
5.988768960411759018e-02
5.981554452758357232e-02
5.974346003243016096e-02
5.967141569875125673e-02
5.959939133414327017e-02
5.952736705946183593e-02
5.945532338610728246e-02
5.938324128385862044e-02
5.931110223844625329e-02
5.923888829823445445e-02
5.916658210956396435e-02
5.909416694047942009e-02
5.902162669272922185e-02
5.894894590207426510e-02
5.887610972707144757e-02
5.880310392660994395e-02
5.872991482656792633e-02
5.865652927603091232e-02
5.858293459357007821e-02
5.850911850411842641e-02
5.843506906701604470e-02
5.836077459581656690e-02
5.828622357047111985e-02
5.821140454252333313e-02
5.813630603397815233e-02
5.806091643054130808e-02
5.798522386997635031e-02
5.790921612639531729e-02
5.783288049138708004e-02
5.775620365300895148e-02
5.767917157381529519e-02
5.760176936928355224e-02
5.752398118822454887e-02
5.744579009703040806e-02
5.736717796992552715e-02
5.728812538773699059e-02
5.720861154808399435e-02
5.712861419029965915e-02
5.704810953880370267e-02
5.696707226903374721e-02
5.688547550035605305e-02
5.680329082056730788e-02
5.672048834658800776e-02
5.663703682564959901e-02
5.655290378058301648e-02
5.646805570162332505e-02
5.638245828534025478e-02
5.629607671881747127e-02
5.620887600400484990e-02
5.612082131332292445e-02
5.603187836329676097e-02
5.594201378858335016e-02
5.585119549475021233e-02
5.575939296524765054e-02
5.566657749694964297e-02
5.557272234016167461e-02
5.547780272364256915e-02
5.538179575307364960e-02
5.528468018210027507e-02
5.518643606744675495e-02
5.508704433200906775e-02
5.498648627028568381e-02
5.488474303719093755e-02
5.478179516296191598e-02
5.467762213326855109e-02
5.457220206554770636e-02
5.446551150172278255e-02
5.435752532593631642e-02
5.424821680575274419e-02
