2.966777326062712827e-01
2.896765270450373242e-01
2.896765270450373242e-01
2.780794211404209459e-01
2.780794211404209459e-01
2.780794211404209459e-01
2.780794211404209459e-01
2.780794211404209459e-01
2.780794211404209459e-01
2.780794211404209459e-01
2.780794211404209459e-01
2.780794211404209459e-01
2.766242284134741158e-01
2.766242284134741158e-01
2.766242284134741158e-01
2.766242284134741158e-01
2.766242284134741158e-01
2.766242284134741158e-01
2.766242284134741158e-01
2.718941080565701052e-01
2.718941080565701052e-01
2.718941080565701052e-01
2.718941080565701052e-01
2.718941080565701052e-01
2.718941080565701052e-01
2.718941080565701052e-01
2.718941080565701052e-01
2.718941080565701052e-01
2.718941080565701052e-01
2.676560499769122803e-01
