9.586649474004798055e-01 4.593972284892979636e-04 9.161996768133394420e-02
2.891336474329462281e-01 1.623982261388416402e-05 8.460261887368607514e-01
3.087547637578280917e-04 3.477734642728647445e-07 9.992109719261379475e-01
2.601678055625533323e-03 9.999153746635520701e-01 1.975660566021030014e-05
6.982396445499821080e-01 7.138547383937375751e-06 1.000004484750887518e-01
7.589529442339223442e-01 1.179874767286951016e-03 4.574124471871514053e-01
9.770111875389034806e-01 1.479756542154619199e-03 2.045584542246669732e-02
9.756281810758226092e-01 7.891127281488857130e-04 3.613462468303702360e-04
2.314736524319221944e-01 8.207089489861811582e-02 1.196868968124335519e-01
6.563914376375219739e-03 4.196082351884906731e-06 9.996940591048855129e-01
9.920754730383406494e-01 3.415903520017326265e-04 5.680401706429138780e-04
3.711163183811457822e-01 3.755701236402606003e-01 1.720378252506347683e-01
1.428936614371410958e-03 8.546811198682021660e-01 2.840579469887211661e-01
7.491275545542063602e-05 9.996012111100903708e-01 4.187955472571319171e-01
2.949969731242918199e-04 9.865151926595592258e-01 9.427369412930295400e-01
9.100875548584486455e-04 9.957861746587843843e-01 2.518516884033800141e-01
2.624190529088300718e-03 9.866446357944147483e-01 1.269556985719756149e-02
1.561065242939353379e-02 1.117932319673603514e-02 8.490651056709026534e-01
1.260859719080289522e-02 1.875719615115953656e-02 8.196583683525704433e-01
4.037209379439076623e-02 2.722362620623272958e-02 8.691965378435894118e-01
6.024592556328176030e-02 4.267777388482437151e-01 3.661174904632263916e-01
7.190935347215710906e-03 9.999473372409958261e-01 4.744058937822641917e-05
7.237854733462533710e-04 9.927366065098386372e-01 9.450501336799949081e-02
4.630633659547447878e-02 9.853388811960722693e-01 8.847101410362562951e-03
5.998369412244514137e-05 9.999981260397560190e-01 6.993584347216240903e-05
2.430937931274558539e-02 8.407177983731315418e-01 1.980103081985384872e-02
2.506298388799564347e-01 2.440134578645468399e-03 8.668065139697853638e-01
9.391384877641677509e-01 1.543420825224712037e-02 1.679411353813671732e-03
3.376137024983517617e-05 9.999964743190916661e-01 8.562917792077366554e-04
2.445136902082647393e-03 8.138934401030345458e-07 9.996977129588767719e-01
8.374958155713704789e-04 7.975206901073070030e-08 9.999687036911022453e-01
4.095524763994556222e-04 4.272422881064805591e-07 9.998831172176368964e-01
2.887795208044251823e-03 1.800050911850261591e-05 9.996196390521367992e-01
2.615902557673056017e-01 1.815410788572483294e-04 9.367547663442304939e-01
5.018481453906177819e-04 1.459385364616393372e-08 9.998713732669427534e-01
1.653805692203525607e-02 1.828843228728919993e-06 9.961027174274083018e-01
1.130845487730181009e-01 5.305672464252853329e-05 1.800802529097583482e-01
1.223504240035856467e-03 1.439867296082653449e-07 9.997650074138216825e-01
1.277155205326701085e-02 1.020830131238225903e-04 9.993273754103194628e-01
5.091154908177387538e-04 9.289835146160818566e-08 9.999225081865804610e-01
5.360779947976959496e-03 4.481963639619832083e-04 9.992283176233280884e-01
8.688305423543213335e-01 7.588106666698636593e-02 3.229014647946877245e-03
1.462509413544680942e-04 2.425709466043754495e-07 9.998709751679561997e-01
4.697573639207458518e-01 8.146383971181225814e-04 7.337934524979004003e-01
6.905566774736067101e-03 9.694425322809548397e-06 9.967440443249890869e-01
9.607258908822800467e-03 8.897270277616676403e-06 9.918143309821624287e-01
7.938815253855537393e-03 1.443911147387451235e-05 9.919254653056926996e-01
2.102987342363763987e-02 2.467152336592714004e-04 9.951012035571937808e-01
1.011523442523824638e-02 9.743639159464884125e-01 7.207230038528285310e-02
4.247257505313788151e-02 1.312954220295941116e-05 9.976715636366947360e-01
5.251283993417690810e-03 5.969830316899590606e-05 9.990819458232156336e-01
3.027083541379487208e-01 1.952382852368722208e-02 9.047134311424461783e-01
8.897563851604067819e-02 3.541271049823914658e-05 9.951547095374041474e-01
6.786569254400105500e-01 2.280536270925354048e-02 4.884272649588805582e-01
5.701201989544907311e-01 3.824377612794114829e-04 9.254695452446469739e-01
3.310330331353383837e-02 4.778507888225882148e-03 8.883994581605230145e-01
2.345165879433514303e-02 3.376855232862834895e-05 9.925262985169163166e-01
3.927450912512620018e-01 7.722492517365694975e-02 1.229608452809714293e-02
2.004598022202418086e-03 8.440712507291687737e-06 9.986963753279800571e-01
3.398730575612644023e-01 1.247476230353962915e-05 6.707610793705633956e-01
