9.997434099493774928e-01 7.211267444830614555e-04 6.367686300586877172e-05
1.518880417820346477e-03 1.732866663910088459e-06 9.996535836605322523e-01
4.860405243214462067e-04 6.422224775091575976e-09 9.996921827459585019e-01
3.600833986054645663e-01 9.996617701575638559e-01 2.060082931091849605e-07
6.371621011257995459e-03 4.356949001483392316e-07 1.165943640374630247e-02
2.370796581174428562e-03 2.115469768853937144e-04 9.959832588619348392e-01
9.988715317977155950e-01 2.695781777312129660e-04 2.253512328675927670e-04
9.997626579042733219e-01 8.201662201744210068e-04 4.631500812942403373e-05
7.816666884338180354e-02 1.045210344711663408e-01 6.374706788783439659e-01
2.939218611123580350e-05 4.968751578552959433e-09 9.999915495644593477e-01
9.999510043004532500e-01 4.150057239702120530e-03 1.141313499581176254e-05
1.820469938682592326e-01 8.909423449914667670e-02 6.680658567651650559e-01
1.057699049890018167e-03 8.407176727938358018e-01 8.167453919419889186e-01
2.911794977972830685e-07 8.812599028788059563e-01 7.367064664840827781e-01
6.047208160164897462e-08 9.007824492913920622e-01 9.901772174671162885e-01
1.133784636875868868e-04 3.657374846416586167e-01 8.298287833456869933e-01
1.068588943003943997e-01 9.947976560943359026e-01 4.546481187078493802e-02
3.334189410129047987e-02 7.134742965122350435e-03 7.824198001462564500e-01
5.953864089696126729e-04 4.033413194005232988e-02 9.953826390821794989e-01
1.029091467945759822e-03 5.698596683913202329e-03 9.971511880405039552e-01
3.215064762032836254e-03 2.456259434264211061e-01 9.088614738226519219e-01
4.305780581651613703e-01 9.999131616521448329e-01 3.722541684325538511e-04
7.525625924164922953e-04 9.948082240343142368e-01 4.648770011723708517e-01
2.281402278713940968e-01 9.746680313045814614e-01 1.129423505781499033e-02
4.702848058449922459e-06 9.999999230280750551e-01 1.559646701904777731e-05
1.167126209358196609e-01 9.403717577658101678e-01 4.641843167810713600e-02
9.848593772212903481e-05 2.229074398995444482e-03 9.984023468296231441e-01
9.064776781904982927e-01 3.160695416228489433e-03 2.796690079314396744e-03
5.748586830517495651e-05 9.999871562026009242e-01 1.146948435628894459e-04
5.512902444820270975e-03 4.809995605459280352e-09 9.978426714624024640e-01
4.237162362281944833e-04 1.111985146708165510e-10 9.999189642358562446e-01
2.836927116254078785e-03 1.834788131141965252e-10 9.988062089231569685e-01
7.097084707800786871e-05 1.773788697474160668e-07 9.999699026507663513e-01
8.796647431295991082e-02 2.152294305968094248e-04 9.407427354803641339e-01
1.089193194381837034e-03 1.974684712995150514e-12 9.998757388984634842e-01
1.846286149475957587e-03 1.656110077548132467e-10 9.995526160791970982e-01
5.011115563474039143e-03 1.079768656735487383e-04 9.936355915876228240e-01
3.320064847671903765e-03 1.194999995217461169e-10 9.992662323558517690e-01
5.469463363101681308e-06 1.354216002660874496e-06 9.999957152547296335e-01
2.514768482253520337e-04 1.239713319225741686e-10 9.999472451940379925e-01
3.914227846745523654e-05 3.386115685241050189e-05 9.998075862651549794e-01
9.871798634449895360e-01 5.082839804492937930e-01 2.970969618797692294e-03
3.846241060337417163e-03 7.977161703199868698e-10 9.976536592087610344e-01
9.290053830399643831e-01 2.763662149658055759e-04 1.082299847775320019e-02
1.462587189331777471e-03 4.977554210425304684e-07 9.993987013288869736e-01
1.606479195012863563e-03 2.414822869125965233e-07 9.989483952814866008e-01
2.845440633706960900e-03 7.092450066241971253e-07 9.986748232960728222e-01
5.243441692211745549e-04 9.425406801238140773e-05 9.996098824388003345e-01
2.154850380427495750e-04 9.924672853327759503e-01 5.196550541193040336e-04
6.852960366300408579e-05 1.355876843241857948e-07 9.999076526664865128e-01
4.185148818317281747e-05 8.130403000640730226e-08 9.997803616695298823e-01
5.491755584538993784e-08 5.311228323599520747e-03 8.957138572106342345e-01
1.027825791116554732e-04 3.500740675175256364e-07 9.999766662159382813e-01
3.953074116608751298e-03 7.963215946605913809e-01 1.210154169417204488e-02
2.386461718633312891e-03 1.361340926505180539e-05 9.991533212790649765e-01
5.753887656794726526e-04 1.738115896486892679e-03 9.968362743093872602e-01
4.301611275739748524e-04 9.068098216046348727e-07 9.999073509328797460e-01
2.149183801862436793e-01 1.239237368321804145e-01 5.216932416627198532e-02
3.173720497878409065e-04 1.154388995388402627e-06 9.996648578586742051e-01
9.305411501142749620e-01 1.502655678399268437e-06 3.385691468765500423e-02
