1.994732290826440602e-01 2.625523399463354779e-01 2.936477766792874311e-01
1.994732290826440602e-01 2.625523399463354779e-01 2.936477766792874311e-01
1.994732290826440602e-01 2.625523399463354779e-01 2.936477766792874311e-01
1.994732290826440602e-01 2.625523399463354779e-01 2.936477766792874311e-01
1.994732290826440602e-01 2.625523399463354779e-01 2.936477766792874311e-01
1.994732290826440602e-01 2.625523399463354779e-01 2.936477766792874311e-01
1.994732290826440602e-01 2.625523399463354779e-01 2.936477766792874311e-01
1.994732290826440602e-01 2.625523399463354779e-01 2.936477766792874311e-01
1.994732290826440602e-01 2.625523399463354779e-01 2.936477766792874311e-01
1.994732290826440602e-01 2.625523399463354779e-01 2.936477766792874311e-01
1.994732290826440602e-01 2.625523399463354779e-01 2.936477766792874311e-01
1.994732290826440602e-01 2.625523399463354779e-01 2.936477766792874311e-01
1.994732290826440602e-01 2.625523399463354779e-01 2.936477766792874311e-01
1.994732290826440602e-01 2.625523399463354779e-01 2.936477766792874311e-01
1.994732290826440602e-01 2.625523399463354779e-01 2.936477766792874311e-01
1.994732290826440602e-01 2.625523399463354779e-01 2.936477766792874311e-01
1.994732290826440602e-01 2.625523399463354779e-01 2.936477766792874311e-01
1.994732290826440602e-01 2.625523399463354779e-01 2.936477766792874311e-01
1.994732290826440602e-01 2.625523399463354779e-01 2.936477766792874311e-01
1.994732290826440602e-01 2.625523399463354779e-01 2.936477766792874311e-01
1.994732290826440602e-01 2.625523399463354779e-01 2.936477766792874311e-01
1.994732290826440602e-01 2.625523399463354779e-01 2.936477766792874311e-01
1.994732290826440602e-01 2.625523399463354779e-01 2.936477766792874311e-01
1.994732290826440602e-01 2.625523399463354779e-01 2.936477766792874311e-01
1.994732290826440602e-01 2.625523399463354779e-01 2.936477766792874311e-01
1.994732290826440602e-01 2.625523399463354779e-01 2.936477766792874311e-01
1.994732290826440602e-01 2.625523399463354779e-01 2.936477766792874311e-01
1.994732290826440602e-01 2.625523399463354779e-01 2.936477766792874311e-01
1.994732290826440602e-01 2.625523399463354779e-01 2.936477766792874311e-01
1.994732290826440602e-01 2.625523399463354779e-01 2.936477766792874311e-01
1.994732290826440602e-01 2.625523399463354779e-01 2.936477766792874311e-01
1.994732290826440602e-01 2.625523399463354779e-01 2.936477766792874311e-01
1.994732290826440602e-01 2.625523399463354779e-01 2.936477766792874311e-01
1.994732290826440602e-01 2.625523399463354779e-01 2.936477766792874311e-01
1.994732290826440602e-01 2.625523399463354779e-01 2.936477766792874311e-01
1.994732290826440602e-01 2.625523399463354779e-01 2.936477766792874311e-01
1.994732290826440602e-01 2.625523399463354779e-01 2.936477766792874311e-01
1.994732290826440602e-01 2.625523399463354779e-01 2.936477766792874311e-01
1.994732290826440602e-01 2.625523399463354779e-01 2.936477766792874311e-01
1.994732290826440602e-01 2.625523399463354779e-01 2.936477766792874311e-01
1.994732290826440602e-01 2.625523399463354779e-01 2.936477766792874311e-01
1.994732290826440602e-01 2.625523399463354779e-01 2.936477766792874311e-01
1.994732290826440602e-01 2.625523399463354779e-01 2.936477766792874311e-01
1.994732290826440602e-01 2.625523399463354779e-01 2.936477766792874311e-01
1.994732290826440602e-01 2.625523399463354779e-01 2.936477766792874311e-01
