117.323129 29.335477 景德镇陶瓷大学
112.947534 28.154546 中南大学
113.657079 34.798837 花园小城
114.004751 33.615974 枫桦豪庭
113.668965 34.787904 郑大北区

117.323129 29.335477
112.947534 28.154546
113.657079 34.798837
114.004751 33.615974
113.668965 34.787904
最优路径： [2, 4, 3, 0, 1]  路径长度为： 17.86557468939168
-------------------
周口 花园小城 景德镇陶瓷大学 中南大学 枫桦豪庭
114.671861 33.585405
113.657079 34.798837
117.323129 29.335477
112.947534 28.154546
114.004751 33.615974
最优路径为： [2, 0, 1, 4, 3]
-->[景德镇陶瓷大学,周口,花园小城,枫桦豪庭,中南大学]
路径长为： 17.918805746021192 约等于 1988km

郑州市 西安市 长沙市 景德镇市 杭州市 上海 南京
113.666486 34.752254 
108.970037 34.284059
112.947195 28.233872
117.324853 29.335477
120.220684 30.256326
121.457902 31.230649
118.796044 32.06675
遗传：最优路径： [2, 1, 0, 6, 5, 4, 3]   长度： 29.667827384642038
蚁群：最优路径： [0, 1, 2, 3, 4, 5, 6]  路径长度为： 29.667827384642038

1 2
2 2
3 2
4 2
5 2
5 5
1 5
遗传：最优路径： [2, 3, 4, 5, 6, 0, 1]   长度： 14.0
蚁群：最优路径： [6, 0, 1, 2, 3, 4, 5]  路径长度为： 14.0

0 0
0 3
4 3
4 0

0.0 0.0
1.0 0.0
0.0 2.0
1.0 1.0
0.0 1.0

最优路径为： [2, 0, 1, 4, 3]  路径长为： 17.918805746021192
最优路径： [4, 0, 1, 2, 3]  路径长度为： 17.918805746021192